&Calibration
   pA = 92.16424605894258,  51.11429706743007
   pB = 77.21077316029518,  8.804793131151238
   pC = 106.69391731707627,  10.472327467965771
   pD = 156.98234274991609,  17.419545455864775
/ 
