&Calibration
   pA = 71.80533132115778,  55.819720276299314
   pB = 84.35163815311354,  17.82478825305111
   pC = 131.71574284713404,  11.409846796501805
   pD = 102.34001994824227,  25.50004651080246
/ 
