&Calibration
   pA = 145.27241952440332,  60.58729896961283
   pB = 107.66922737497202,  27.044065624091637
   pC = 123.67167810865564,  26.47370376962129
   pD = 177.21790914851837,  13.407953289244016
/ 
