&Xtlvecs
   xorigin = 921
   yorigin = 385
   avec = -0.27015481813299175,0.8905401326565707,0.36599815077066683
   bvec = -0.38778708645758175,-0.32452776182810966,-0.862729915662821
   cvec = 0.7499999999999999,0.43301270189221946,-0.5000000000000002
/ 
