&Calibration
   pA = 134.0627816031701,  70.60853762856942
   pB = 67.07778511897172,  32.31580208691827
   pC = 175.62913643581712,  39.94671682080352
   pD = 209.9760907044316,  17.769422857827166
/ 
