&Xtlvecs
   xorigin = 911
   yorigin = 288
   avec = -0.3744645457061937,0.8688877293852145,0.32374437096706465
   bvec = -0.4345074995439815,-0.47836882450107854,-0.7631294127377698
   cvec = 0.5868240888334652,0.49240387650610395,-0.6427876096865393
/ 
