&Calibration
   pA = 134.06278160317018,  70.60853762856945
   pB = 67.07778511897175,  32.31580208691826
   pC = 175.62913643581712,  39.94671682080353
   pD = 209.9760907044316,  17.769422857827166
/ 
